7.159050
7.164970
7.170830
7.176640
7.182390
7.188100
7.193760
7.199370
7.204940
7.210460
7.215940
7.221380
7.226770
7.232130
7.237440
7.242720
7.247950
7.253150
7.258310
7.263440
7.268530
7.273600
7.278620
7.283610
7.288570
7.293500
7.298400
7.303260
7.308100
7.312910
7.317690
7.322440
7.327170
7.331860
7.336540
7.341180
7.345810
7.350400
7.354980
7.359530
7.364050
7.368560
7.373040
7.377500
7.381940
7.386360
7.390760
7.395130
7.399490
7.403830
7.408150
7.412450
7.416740
7.421000
7.425250
7.429480
7.433680
7.437890
7.442070
7.446230
7.450380
7.454520
7.458640
7.462740
7.466830
7.470910
7.474970
7.479030
7.483070
7.487090
7.491100
7.495140
7.499140
7.503120
7.507080
7.511040
7.514970
7.518900
7.522840
7.526760
7.530660
7.534510
7.538380
7.542250
7.546120
7.549990
7.553830
7.557660
7.561480
7.565290
7.569140
7.572940
7.576730
7.580540
7.584310
7.588080
7.591840
7.595630
7.599390
7.603150
7.606890
7.610620
7.614320
7.618080
7.621800
7.625510
7.629210
7.632910
7.636600
7.640290
7.644000
7.647690
7.651380
7.655050
7.658760
7.662450
7.666110
7.669770
7.673420
7.677130
7.680790
7.684440
7.688160
7.691800
7.695440
7.699210
7.702810
7.706540
7.710150
7.713780
7.717440
7.721170
7.724810
7.728450
7.732080
7.735710
7.739340
7.742960
7.746590
7.750150
7.753970
7.757500
7.761130
7.764830
7.768450
7.772080
7.775710
7.779340
7.782970
7.786580
7.790210
7.794040
7.797670
7.801310
7.804950
7.808590
7.812380
7.816090
7.819740
7.823390
7.827040
7.830670
7.834300
7.837960
7.841710
7.845590
7.849220
7.852910
7.856600
7.860280
7.864110
7.867810
7.871300
7.875000
7.878700
7.882360
7.886210
7.890230
7.894010
7.897600
7.901500
7.905190
7.908700
7.912700
7.916490
7.920340
7.924350
7.927960
7.931770
7.935780
7.939500
7.943510
7.947200
7.951240
7.968930
7.973220
7.977200
7.980910
7.984220
7.986910
