4.589650
4.597590
4.605550
4.613510
4.621470
4.629420
4.637370
4.645320
4.653260
4.661190
4.669110
4.677020
4.684930
4.692820
4.700710
4.708590
4.716460
4.724330
4.732190
4.740040
4.747890
4.755730
4.763570
4.771410
4.779250
4.787080
4.794920
4.802760
4.810600
4.818440
4.826290
4.834140
4.842000
4.849870
4.857740
4.865630
4.873520
4.881430
4.889360
4.897290
4.905250
4.913220
4.921200
4.929210
4.937240
4.945290
4.953370
4.961470
4.969590
4.977750
4.985930
4.994140
5.002390
5.010670
5.018980
5.027340
5.035730
5.044160
5.052640
5.061150
5.069720
5.078330
5.086990
5.095710
5.104470
5.113300
5.122180
5.131120
5.140120
5.149190
5.158330
5.167540
5.176820
5.186170
5.195610
5.205120
5.214720
5.224410
5.234190
5.244060
5.254040
5.264110
5.274290
7.551180
7.551970
7.552760
7.553550
7.551900
7.552590
7.553270
7.553960
7.554650
7.555330
7.556020
7.556710
7.557390
7.558080
7.555300
7.555890
7.556480
7.557070
7.557670
7.558260
7.558850
7.559440
7.560040
7.560630
7.561230
7.561820
7.562410
7.563010
7.563600
7.564200
7.564790
7.565390
7.565990
7.566580
7.567180
7.562500
7.563010
7.563510
7.564020
7.564530
7.565030
7.565540
7.566050
7.566550
7.567060
7.567570
7.568080
7.568590
7.569090
7.569600
7.570110
7.570620
7.571130
7.571640
7.572150
7.572660
7.573170
7.573680
7.574190
7.574700
7.575210
7.575720
7.576230
7.576750
7.577260
7.577770
7.578280
7.578790
7.579310
7.579820
7.580330
7.580840
7.581360
7.581870
7.582380
7.582900
7.574950
7.575380
7.575800
7.576230
7.576660
7.577090
7.577510
7.577940
7.578370
7.578800
7.579230
7.579660
7.580090
7.580510
7.580940
7.581370
7.581800
7.582230
7.582660
7.583090
7.583520
7.583950
7.584380
7.584810
7.585240
7.585670
7.586100
7.586540
7.586970
7.587400
7.587830
7.588260
7.588690
7.589120
7.589560
7.589990
7.590420
7.590850
7.591280
7.591720
7.592150
