7.151720
7.158560
7.165330
7.172030
7.178660
7.185210
7.191700
7.198130
7.204480
7.210780
7.217020
7.223190
7.229310
7.235370
7.241380
7.247340
7.253240
7.259090
7.264900
7.270650
7.276360
7.282020
7.287640
7.293210
7.298740
7.304230
7.309680
7.315090
7.320460
7.325800
7.331090
7.336350
7.341580
7.346770
7.351920
7.357050
7.362140
7.367200
7.372220
7.377220
7.382190
7.387130
7.392050
7.396930
7.401790
7.406620
7.411430
7.416210
7.420960
7.425700
7.430400
7.435090
7.439750
7.444390
7.449010
7.453610
7.458190
7.462750
7.467290
7.471810
7.476310
7.480790
7.485250
7.489700
7.494130
7.498540
7.502940
7.507320
7.511690
7.516040
7.520370
7.524690
7.529000
7.533290
7.537570
7.541840
7.546090
7.550330
7.554560
7.558780
7.562980
7.567180
7.571360
7.575540
7.579700
7.583850
7.587990
7.592130
7.596250
7.600370
7.604480
7.608570
7.612670
7.616750
7.620820
7.624890
7.628950
7.633010
7.637060
7.641100
7.645130
7.649170
7.653190
7.657210
7.661220
7.665230
7.669240
7.673240
7.677240
7.681230
7.685220
7.689200
7.693190
7.697170
7.701140
7.705120
7.709090
7.713060
7.717030
7.721000
7.724960
7.728930
7.732890
7.736850
7.740810
7.744780
7.748740
7.752700
7.756660
7.760620
7.764590
7.768550
7.772510
7.776480
7.780450
7.784420
7.788390
7.792360
7.796330
7.800310
7.804290
7.808270
7.812260
7.816250
7.820240
7.824230
7.828230
7.832240
7.836240
7.840250
7.844270
7.848290
7.852310
7.856340
7.860370
7.864410
7.868450
7.872500
7.876550
7.880610
7.884680
7.888750
7.892820
7.896910
7.900990
7.905090
7.909190
7.913290
7.917400
7.921520
7.925640
7.929770
7.933900
7.938040
7.942190
7.946340
7.950490
7.954650
7.958820
7.962990
7.967160
7.971340
7.975520
7.979700
7.983880
7.988060
7.992250
7.996430
8.000620
8.004800
8.008970
8.013140
8.017310
8.021460
8.025610
8.029740
8.033860
8.037960
8.042040
8.046090
